{
  "asset": {
    "version": "2.0",
    "generator": "THREE.GLTFExporter"
  },
  "scenes": [
    {
      "nodes": [
        0
      ]
    }
  ],
  "scene": 0,
  "nodes": [
    {
      "children": [
        56
      ],
      "matrix": [
        0.01,
        0,
        0,
        0,
        0,
        0.01,
        0,
        0,
        0,
        0,
        0.01,
        0,
        0,
        0,
        0,
        1
      ]
    },
    {
      "matrix": [
        0.9998023487842572,
        -0.014370641920882186,
        -0.013738559468308575,
        0,
        0.014370642263002326,
        0.04484725680413745,
        0.998890607932964,
        0,
        -0.0137385625401428,
        -0.99889060791324,
        0.04504490804344209,
        0,
        -7.858034334340402e-9,
        0.954817116260529,
        4.656613011855271e-10,
        1
      ],
      "name": "Foot_R"
    },
    {
      "matrix": [
        0.999906786508369,
        0.013620161589029234,
        -0.0008191912055611456,
        0,
        -0.013620169360595014,
        0.9926993199497267,
        -0.11984336422453054,
        0,
        -0.0008190755799037663,
        0.11984337215872484,
        0.9927924734126568,
        0,
        1.391163095831871e-8,
        0.8033402562141418,
        6.984919302677195e-9,
        1
      ],
      "name": "Lower_Leg_R",
      "children": [
        1
      ]
    },
    {
      "matrix": [
        -0.9998151667595192,
        0.01199954647274656,
        0.015017456269244547,
        0,
        -0.011894794519100202,
        -0.9999043150903768,
        0.007045289804445308,
        0,
        0.015100560507784591,
        0.006865358453385633,
        0.9998622912716991,
        0,
        -0.23650825023651126,
        0.13361811637878396,
        0.04704805091023445,
        1
      ],
      "name": "Upper_Leg_R",
      "children": [
        2
      ]
    },
    {
      "matrix": [
        0.9998023487842572,
        0.014370641920882186,
        0.013738559468308575,
        0,
        -0.014370642263002326,
        0.04484725680413745,
        0.998890607932964,
        0,
        0.0137385625401428,
        -0.99889060791324,
        0.04504490804344209,
        0,
        7.858034334340402e-9,
        0.954817116260529,
        4.656613011855271e-10,
        1
      ],
      "name": "Foot_L"
    },
    {
      "matrix": [
        0.999906786508369,
        -0.013620161589029234,
        0.0008191912055611456,
        0,
        0.013620169360595014,
        0.9926993199497267,
        -0.11984336422453054,
        0,
        0.0008190755799037663,
        0.11984337215872484,
        0.9927924734126568,
        0,
        -1.391163095831871e-8,
        0.8033402562141418,
        6.984919302677195e-9,
        1
      ],
      "name": "Lower_Leg_L",
      "children": [
        4
      ]
    },
    {
      "matrix": [
        -0.9998151667595192,
        -0.01199954647274656,
        -0.015017456269244547,
        0,
        0.011894794519100202,
        -0.9999043150903768,
        0.007045289804445308,
        0,
        -0.015100560507784591,
        0.006865358453385633,
        0.9998622912716991,
        0,
        0.23650825023651126,
        0.13361811637878396,
        0.04704805091023445,
        1
      ],
      "name": "Upper_Leg_L",
      "children": [
        5
      ]
    },
    {
      "matrix": [
        0.9850261924809355,
        0.0846556308251267,
        0.15018850114954035,
        0,
        -0.07226249670833891,
        0.9936582308457401,
        -0.08614715684632743,
        0,
        -0.15652889158209163,
        0.07400421424244176,
        0.9848968697055931,
        0,
        -3.5762786909643296e-7,
        0.09060043096542367,
        -2.682209017113024e-7,
        1
      ],
      "name": "Thumb_3_L"
    },
    {
      "matrix": [
        0.9635018969159042,
        0.09340121993164867,
        -0.25087906798841153,
        0,
        -0.14764518846768676,
        0.9671426208139864,
        -0.2069687158181031,
        0,
        0.22330473539658088,
        0.23645586575647015,
        0.9456341031907717,
        0,
        -9.49949021666896e-8,
        0.10428928583860392,
        -2.7567148208618164e-7,
        1
      ],
      "name": "Thumb_2_L",
      "children": [
        7
      ]
    },
    {
      "matrix": [
        0.1569427687978617,
        -0.7978064391132833,
        -0.5821286230912875,
        0,
        0.7754924544321409,
        0.46453576015835074,
        -0.4275716358878547,
        0,
        0.6115390396323147,
        -0.3843321241365564,
        0.6915984844795662,
        0,
        0.034315060824155585,
        0.09742351621389367,
        -0.03226791694760367,
        1
      ],
      "name": "Thumb_1_L",
      "children": [
        8
      ]
    },
    {
      "matrix": [
        0.9998772173545313,
        0.015441630125803274,
        -0.0026657596322674283,
        0,
        -0.015214302072738599,
        0.9973760381245071,
        0.07077827058851173,
        0,
        0.0037516966559949507,
        -0.07072902257290856,
        0.9974885112812489,
        0,
        -2.9802322387695312e-8,
        0.06340961903333686,
        4.80329617857933e-7,
        1
      ],
      "name": "Index_3_L"
    },
    {
      "matrix": [
        0.9986318277142893,
        0.05229010439323712,
        0.0003137662768279728,
        0,
        -0.05174901536412248,
        0.9874008634999509,
        0.1495366728951741,
        0,
        0.007509476038828229,
        -0.14934833586321133,
        0.9887560082881651,
        0,
        -2.2351741790771484e-8,
        0.07518056035041831,
        -1.8812716051641587e-7,
        1
      ],
      "name": "Index_2_L",
      "children": [
        10
      ]
    },
    {
      "matrix": [
        0.9335011247002852,
        -0.1144050502958924,
        -0.3398336302244567,
        0,
        0.08704710944213481,
        0.9916889045976527,
        -0.09473943005866238,
        0,
        0.347847971963665,
        0.05885783983556099,
        0.9357015040450092,
        0,
        0.088800549507141,
        0.22768175601959162,
        -0.009075002744794336,
        1
      ],
      "name": "Index_1_L",
      "children": [
        11
      ]
    },
    {
      "matrix": [
        0.9926615718080087,
        -0.019101155751057277,
        0.11940749434029346,
        0,
        0.009560615846607638,
        0.996751783198133,
        0.07996696652098975,
        0,
        -0.12054708002303373,
        -0.07823851617009264,
        0.9896196926523959,
        0,
        -3.725290298461914e-8,
        0.059883639216422924,
        1.1548399836414092e-7,
        1
      ],
      "name": "Pinky_3_L"
    },
    {
      "matrix": [
        0.9995338346357472,
        -0.015874864481234815,
        -0.0260787671499477,
        0,
        0.017332700258498354,
        0.9982430134609432,
        0.056660952852592664,
        0,
        0.025133460661126417,
        -0.05708655153036462,
        0.998052761922074,
        0,
        -4.470348358154297e-8,
        0.07167797535657855,
        -4.0978192838991845e-8,
        1
      ],
      "name": "Pinky_2_L",
      "children": [
        13
      ]
    },
    {
      "matrix": [
        0.9620455517237709,
        0.26260009998564293,
        0.0742254988986254,
        0,
        -0.22687669090829776,
        0.9208257882086229,
        -0.3171852412465504,
        0,
        -0.15164163863236546,
        0.2883066320269517,
        0.9454542515290366,
        0,
        -0.10385768860578559,
        0.18674919009208613,
        -0.01083074510097548,
        1
      ],
      "name": "Pinky_1_L",
      "children": [
        14
      ]
    },
    {
      "matrix": [
        0.9999562789281247,
        0.00806572955098806,
        0.004718583446654287,
        0,
        -0.00821430538739342,
        0.9994423785585237,
        0.03236444234469837,
        0,
        -0.004454909689863465,
        -0.032401789153312266,
        0.9994649958049155,
        0,
        -2.4214386856735715e-8,
        0.06803721934556983,
        4.842877343591567e-8,
        1
      ],
      "name": "Middle_3_L"
    },
    {
      "matrix": [
        0.9993440265994055,
        0.03303088900553694,
        0.014844448871712379,
        0,
        -0.0349685610363043,
        0.986741173642477,
        0.15848917174101285,
        0,
        -0.009412591783460721,
        -0.1589043150193598,
        0.9872490580268286,
        0,
        1.4901161228542126e-8,
        0.07978222519159306,
        3.126915544271469e-7,
        1
      ],
      "name": "Middle_2_L",
      "children": [
        16
      ]
    },
    {
      "matrix": [
        0.9815034277856178,
        -0.05794527167533108,
        -0.18246437330686913,
        0,
        -0.0023445392251873376,
        0.9493842672376276,
        -0.31410790795350857,
        0,
        0.19142988482076118,
        0.30872580163284696,
        0.931688113150051,
        0,
        0.022346362471580283,
        0.24083565175533228,
        0.014216000214218205,
        1
      ],
      "name": "Middle_1_L",
      "children": [
        17
      ]
    },
    {
      "matrix": [
        0.9996341741367332,
        0.012389241727969107,
        0.024034703233895928,
        0,
        -0.01405681565715049,
        0.9974124869830988,
        0.07050176114967606,
        0,
        -0.023099052518911617,
        -0.07081382961644114,
        0.9972218798642284,
        0,
        7.82310963787225e-8,
        0.06672900170087814,
        -3.594905138015747e-7,
        1
      ],
      "name": "Ring_3_L"
    },
    {
      "matrix": [
        0.998958662308466,
        -0.023674666576003065,
        0.03899824025299022,
        0,
        0.02016384968610414,
        0.9959092355781548,
        0.08808004567826491,
        0,
        -0.040923980670458465,
        -0.08720198554527375,
        0.9953497081543979,
        0,
        9.31322552411018e-9,
        0.07412358373403549,
        -6.51925802230835e-8,
        1
      ],
      "name": "Ring_2_L",
      "children": [
        19
      ]
    },
    {
      "matrix": [
        0.9905428421401881,
        0.13691701930231487,
        -0.008859373619081781,
        0,
        -0.1350100659300214,
        0.9611748473806141,
        -0.2406557600815409,
        0,
        -0.024434460805681298,
        0.23957593090514773,
        0.9705699830705166,
        0,
        -0.04338710755109798,
        0.22653628885745958,
        0.0005017556250095367,
        1
      ],
      "name": "Ring_1_L",
      "children": [
        20
      ]
    },
    {
      "matrix": [
        -0.2529812869676641,
        -0.12859940034554485,
        0.9588860329863949,
        0,
        -0.07010680272836343,
        0.9909574457311547,
        0.11440444467411097,
        0,
        -0.9649277120057806,
        -0.03828225486868308,
        -0.25970941370204237,
        0,
        -2.3515895053449754e-7,
        0.4142209589481354,
        -1.862645149230957e-9,
        1
      ],
      "name": "Hand_L",
      "children": [
        9,
        12,
        15,
        18,
        21
      ]
    },
    {
      "matrix": [
        0.9988124339274567,
        0.016717688399361254,
        0.045762874980620996,
        0,
        -0.01729402282386783,
        0.999775682387026,
        0.012227088047599671,
        0,
        -0.04554820091373119,
        -0.013003991777069011,
        0.9988774987912101,
        0,
        -1.0417767359882646e-7,
        0.4848753213882446,
        2.5304451867214084e-9,
        1
      ],
      "name": "Lower_Hand_L",
      "children": [
        22
      ]
    },
    {
      "matrix": [
        0.9815202449412996,
        0.19004214458317534,
        0.022410499128564146,
        0,
        -0.191358724533918,
        0.9745951119860883,
        0.116388170522504,
        0,
        0.0002774945892619323,
        -0.1185257760395549,
        0.9929509370613304,
        0,
        2.6401721697766334e-7,
        0.2909663021564481,
        -1.1175870950896893e-8,
        1
      ],
      "name": "Upper_Hand_L",
      "children": [
        23
      ]
    },
    {
      "matrix": [
        -0.2818920316603689,
        -0.959446031008351,
        0.00027723532723616614,
        0,
        0.952673696795197,
        -0.2799365204142971,
        -0.11852582829455079,
        0,
        0.11379675060484135,
        -0.03314737371383606,
        0.9929509308962124,
        0,
        0.11442262679338457,
        0.45363569259643555,
        -5.587935447692871e-9,
        1
      ],
      "name": "Shoulder_L",
      "children": [
        24
      ]
    },
    {
      "matrix": [
        0.9998772173545313,
        -0.015441630125803274,
        0.0026657596322674283,
        0,
        0.015214302072738599,
        0.9973760381245071,
        0.07077827058851173,
        0,
        -0.0037516966559949507,
        -0.07072902257290856,
        0.9974885112812489,
        0,
        2.9802322387695312e-8,
        0.06340961903333686,
        4.80329617857933e-7,
        1
      ],
      "name": "Index_3_R"
    },
    {
      "matrix": [
        0.9986318277142893,
        -0.05229010439323712,
        -0.0003137662768279728,
        0,
        0.05174901536412248,
        0.9874008634999509,
        0.1495366728951741,
        0,
        -0.007509476038828229,
        -0.14934833586321133,
        0.9887560082881651,
        0,
        2.2351741790771484e-8,
        0.07518056035041831,
        -1.8812716051641587e-7,
        1
      ],
      "name": "Index_2_R",
      "children": [
        26
      ]
    },
    {
      "matrix": [
        0.9335011247002852,
        0.1144050502958924,
        0.3398336302244567,
        0,
        -0.08704710944213481,
        0.9916889045976527,
        -0.09473943005866238,
        0,
        -0.347847971963665,
        0.05885783983556099,
        0.9357015040450092,
        0,
        -0.088800549507141,
        0.22768175601959162,
        -0.009075002744794336,
        1
      ],
      "name": "Index_1_R",
      "children": [
        27
      ]
    },
    {
      "matrix": [
        0.9996341741367332,
        -0.012389241727969107,
        -0.024034703233895928,
        0,
        0.01405681565715049,
        0.9974124869830988,
        0.07050176114967606,
        0,
        0.023099052518911617,
        -0.07081382961644114,
        0.9972218798642284,
        0,
        -7.82310963787225e-8,
        0.06672900170087814,
        -3.594905138015747e-7,
        1
      ],
      "name": "Ring_3_R"
    },
    {
      "matrix": [
        0.998958662308466,
        0.023674666576003065,
        -0.03899824025299022,
        0,
        -0.02016384968610414,
        0.9959092355781548,
        0.08808004567826491,
        0,
        0.040923980670458465,
        -0.08720198554527375,
        0.9953497081543979,
        0,
        -9.31322552411018e-9,
        0.07412358373403549,
        -6.51925802230835e-8,
        1
      ],
      "name": "Ring_2_R",
      "children": [
        29
      ]
    },
    {
      "matrix": [
        0.9905428421401881,
        -0.13691701930231487,
        0.008859373619081781,
        0,
        0.1350100659300214,
        0.9611748473806141,
        -0.2406557600815409,
        0,
        0.024434460805681298,
        0.23957593090514773,
        0.9705699830705166,
        0,
        0.04338710755109798,
        0.22653628885745958,
        0.0005017556250095367,
        1
      ],
      "name": "Ring_1_R",
      "children": [
        30
      ]
    },
    {
      "matrix": [
        0.9926615718080087,
        0.019101155751057277,
        -0.11940749434029346,
        0,
        -0.009560615846607638,
        0.996751783198133,
        0.07996696652098975,
        0,
        0.12054708002303373,
        -0.07823851617009264,
        0.9896196926523959,
        0,
        3.725290298461914e-8,
        0.059883639216422924,
        1.1548399836414092e-7,
        1
      ],
      "name": "Pinky_3_R"
    },
    {
      "matrix": [
        0.9995338346357472,
        0.015874864481234815,
        0.0260787671499477,
        0,
        -0.017332700258498354,
        0.9982430134609432,
        0.056660952852592664,
        0,
        -0.025133460661126417,
        -0.05708655153036462,
        0.998052761922074,
        0,
        4.470348358154297e-8,
        0.07167797535657855,
        -4.0978192838991845e-8,
        1
      ],
      "name": "Pinky_2_R",
      "children": [
        32
      ]
    },
    {
      "matrix": [
        0.9620455517237709,
        -0.26260009998564293,
        -0.0742254988986254,
        0,
        0.22687669090829776,
        0.9208257882086229,
        -0.3171852412465504,
        0,
        0.15164163863236546,
        0.2883066320269517,
        0.9454542515290366,
        0,
        0.10385768860578559,
        0.18674919009208613,
        -0.01083074510097548,
        1
      ],
      "name": "Pinky_1_R",
      "children": [
        33
      ]
    },
    {
      "matrix": [
        0.9850261924809355,
        -0.0846556308251267,
        -0.15018850114954035,
        0,
        0.07226249670833891,
        0.9936582308457401,
        -0.08614715684632743,
        0,
        0.15652889158209163,
        0.07400421424244176,
        0.9848968697055931,
        0,
        3.5762786909643296e-7,
        0.09060043096542367,
        -2.682209017113024e-7,
        1
      ],
      "name": "Thumb_3_R"
    },
    {
      "matrix": [
        0.9635018969159042,
        -0.09340121993164867,
        0.25087906798841153,
        0,
        0.14764518846768676,
        0.9671426208139864,
        -0.2069687158181031,
        0,
        -0.22330473539658088,
        0.23645586575647015,
        0.9456341031907717,
        0,
        9.49949021666896e-8,
        0.10428928583860392,
        -2.7567148208618164e-7,
        1
      ],
      "name": "Thumb_2_R",
      "children": [
        35
      ]
    },
    {
      "matrix": [
        0.1569427687978617,
        0.7978064391132833,
        0.5821286230912875,
        0,
        -0.7754924544321409,
        0.46453576015835074,
        -0.4275716358878547,
        0,
        -0.6115390396323147,
        -0.3843321241365564,
        0.6915984844795662,
        0,
        -0.034315060824155585,
        0.09742351621389367,
        -0.03226791694760367,
        1
      ],
      "name": "Thumb_1_R",
      "children": [
        36
      ]
    },
    {
      "matrix": [
        0.9999562789281247,
        -0.00806572955098806,
        -0.004718583446654287,
        0,
        0.00821430538739342,
        0.9994423785585237,
        0.03236444234469837,
        0,
        0.004454909689863465,
        -0.032401789153312266,
        0.9994649958049155,
        0,
        2.4214386856735715e-8,
        0.06803721934556983,
        4.842877343591567e-8,
        1
      ],
      "name": "Middle_3_R"
    },
    {
      "matrix": [
        0.9993440265994055,
        -0.03303088900553694,
        -0.014844448871712379,
        0,
        0.0349685610363043,
        0.986741173642477,
        0.15848917174101285,
        0,
        0.009412591783460721,
        -0.1589043150193598,
        0.9872490580268286,
        0,
        -1.4901161228542126e-8,
        0.07978222519159306,
        3.126915544271469e-7,
        1
      ],
      "name": "Middle_2_R",
      "children": [
        38
      ]
    },
    {
      "matrix": [
        0.9815034277856178,
        0.05794527167533108,
        0.18246437330686913,
        0,
        0.0023445392251873376,
        0.9493842672376276,
        -0.31410790795350857,
        0,
        -0.19142988482076118,
        0.30872580163284696,
        0.931688113150051,
        0,
        -0.022346362471580283,
        0.24083565175533228,
        0.014216000214218205,
        1
      ],
      "name": "Middle_1_R",
      "children": [
        39
      ]
    },
    {
      "matrix": [
        -0.2529812869676641,
        0.12859940034554485,
        -0.9588860329863949,
        0,
        0.07010680272836343,
        0.9909574457311547,
        0.11440444467411097,
        0,
        0.9649277120057806,
        -0.03828225486868308,
        -0.25970941370204237,
        0,
        2.3515895053449754e-7,
        0.4142209589481354,
        -1.862645149230957e-9,
        1
      ],
      "name": "Hand_R",
      "children": [
        28,
        31,
        34,
        37,
        40
      ]
    },
    {
      "matrix": [
        0.9988124339274567,
        -0.016717688399361254,
        -0.045762874980620996,
        0,
        0.01729402282386783,
        0.999775682387026,
        0.012227088047599671,
        0,
        0.04554820091373119,
        -0.013003991777069011,
        0.9988774987912101,
        0,
        1.0417767359882646e-7,
        0.4848753213882446,
        2.5304451867214084e-9,
        1
      ],
      "name": "Lower_Hand_R",
      "children": [
        41
      ]
    },
    {
      "matrix": [
        0.9815202449412996,
        -0.19004214458317534,
        -0.022410499128564146,
        0,
        0.191358724533918,
        0.9745951119860883,
        0.116388170522504,
        0,
        -0.0002774945892619323,
        -0.1185257760395549,
        0.9929509370613304,
        0,
        -2.6401721697766334e-7,
        0.2909663021564481,
        -1.1175870950896893e-8,
        1
      ],
      "name": "Upper_Hand_R",
      "children": [
        42
      ]
    },
    {
      "matrix": [
        -0.2818920316603689,
        0.959446031008351,
        -0.00027723532723616614,
        0,
        -0.952673696795197,
        -0.2799365204142971,
        -0.11852582829455079,
        0,
        -0.11379675060484135,
        -0.03314737371383606,
        0.9929509308962124,
        0,
        -0.11442262679338457,
        0.45363569259643555,
        -5.587935447692871e-9,
        1
      ],
      "name": "Shoulder_R",
      "children": [
        43
      ]
    },
    {
      "matrix": [
        1,
        0,
        0,
        0,
        0,
        1,
        0,
        0,
        0,
        0,
        1,
        0,
        0,
        0.3514528274536133,
        0,
        1
      ],
      "name": "Head"
    },
    {
      "matrix": [
        1,
        0,
        0,
        0,
        0,
        1,
        -9.860761315262648e-32,
        0,
        0,
        9.860761315262648e-32,
        1,
        0,
        6.018531076210112e-36,
        0.4967584609985356,
        3.469446951953614e-18,
        1
      ],
      "name": "Neck",
      "children": [
        45
      ]
    },
    {
      "matrix": [
        0.9999999999999999,
        0,
        0,
        0,
        0,
        1,
        9.860761315262648e-32,
        0,
        0,
        -9.860761315262648e-32,
        1,
        0,
        0,
        0.32474756240844727,
        0,
        1
      ],
      "name": "Back_2",
      "children": [
        25,
        44,
        46
      ]
    },
    {
      "matrix": [
        1.0000000000000002,
        0,
        0,
        0,
        0,
        1,
        0,
        0,
        0,
        0,
        1,
        0,
        6.018531076210112e-36,
        0.24582779407501198,
        3.469446951953614e-18,
        1
      ],
      "name": "Back_1",
      "children": [
        47
      ]
    },
    {
      "matrix": [
        0.9999999999999999,
        0,
        0,
        0,
        0,
        -1.6292068028000978e-7,
        0.9999999999999865,
        0,
        0,
        -0.9999999999999865,
        -1.6292068028000978e-7,
        0,
        4.468670391494405e-20,
        0.02150845527648926,
        1.7729271650314329,
        1
      ],
      "name": "Main",
      "children": [
        3,
        6,
        48
      ]
    },
    {
      "matrix": [
        99.99999237060547,
        0,
        0,
        0,
        0,
        -0.000016292066718401456,
        -99.99999237060413,
        0,
        0,
        99.99999237060413,
        -0.000016292066718401456,
        0,
        0,
        0,
        0,
        1
      ],
      "name": "Armature",
      "children": [
        49
      ]
    },
    {
      "matrix": [
        99.99999237060547,
        0,
        0,
        0,
        0,
        -0.000016292066718401456,
        -99.99999237060413,
        0,
        0,
        99.99999237060413,
        -0.000016292066718401456,
        0,
        0,
        0,
        0,
        1
      ],
      "name": "Duck",
      "mesh": 0
    },
    {
      "name": "Duck Animations",
      "children": [
        50,
        51
      ]
    },
    {
      "matrix": [
        0.5883484054145521,
        0.39223227027636803,
        -0.7071067811865475,
        0,
        -0.554700196225229,
        0.8320502943378437,
        0,
        0,
        0.588348405414552,
        0.392232270276368,
        0.7071067811865476,
        0,
        0,
        0,
        0,
        1
      ],
      "name": "Directional Light",
      "extensions": {
        "KHR_lights_punctual": {
          "light": 0
        }
      }
    },
    {
      "matrix": [
        0.9935366532241905,
        -4.336808689942018e-19,
        -0.11351175577919081,
        0,
        -0.005221772311022098,
        0.9989413457911722,
        -0.04570471269851261,
        0,
        0.11339158608118374,
        0.046002039834356655,
        0.99248484146463,
        0,
        106.89167204765819,
        238.03680540172837,
        954.405381042554,
        1
      ],
      "name": "Personal Camera",
      "camera": 0
    },
    {
      "matrix": [
        1,
        0,
        0,
        0,
        0,
        1,
        0,
        0,
        0,
        0,
        1,
        0,
        0,
        1,
        0,
        1
      ],
      "name": "Default Ambient Light"
    },
    {
      "name": "Scene 1",
      "children": [
        52,
        53,
        54,
        55
      ]
    }
  ],
  "bufferViews": [
    {
      "buffer": 0,
      "byteOffset": 0,
      "byteLength": 133416,
      "target": 34962,
      "byteStride": 12
    },
    {
      "buffer": 0,
      "byteOffset": 133416,
      "byteLength": 133416,
      "target": 34962,
      "byteStride": 12
    },
    {
      "buffer": 0,
      "byteOffset": 266832,
      "byteLength": 88944,
      "target": 34962,
      "byteStride": 8
    }
  ],
  "buffers": [
    {
      "byteLength": 355776,
